3707            
4               
12              
0               
1               
10              
17409           
0               
0               
0               
17413           
32              
2               
6               
0               
1               

// Volume Independent Parameters
1               
0               
0               
0               
0               
0               
0               
0               
0               
1               
20              
5               
50              
5000            
-96             
-80             
-50             
-26             
0               
-86             
-70             
-40             
-26             
-20             
1               
13              
32              
32              
32              
32              
32              
25              
22              
22              
22              
23              
25              
28              
28              
27              
27              
28              
29              
30              
30              
30              
31              
33              
33              
33              
34              
36              
41              
44              
46              
45              
43              
39              
35              
33              
33              
34              
37              
39              
40              
40              
39              
39              
38              
38              
39              
39              
37              
35              
34              
33              
33              
33              
32              
32              
33              
32              
32              
31              
30              
29              
28              
27              
26              
25              
25              
25              
24              
24              
24              
24              
23              
23              
23              
23              
23              
23              
23              
23              
23              
23              
23              
24              
24              
24              
24              
25              
25              
25              
26              
26              
26              
26              
27              
27              
27              
28              
28              
28              
29              
29              
30              
30              
30              
30              
31              
31              
31              
31              
32              
32              
32              
33              
33              
34              
34              
35              
36              
37              
38              
39              
40              
41              
42              
42              
43              
44              
45              
46              
46              
46              
46              
46              
46              
45              
45              
44              
44              
43              
42              
42              
41              
40              
40              
39              
39              
39              
38              
38              
38              
38              
38              
38              
38              
38              
38              
38              
39              
39              
40              
40              
41              
42              
42              
43              
44              
45              
46              
46              
47              
47              
47              
47              
47              
47              
46              
45              
44              
43              
42              
40              
39              
38              
37              
35              
34              
33              
31              
30              
29              
28              
27              
26              
25              
25              
24              
23              
23              
22              
22              
21              
21              
21              
20              
20              
19              
19              
19              
18              
18              
18              
17              
17              
17              
17              
16              
16              
16              
15              
15              
15              
15              
14              
14              
14              
13              
13              
12              
12              
12              
11              
11              
10              
10              
10              
10              
9               
9               
9               
9               
8               
8               
8               
8               
8               
8               
8               
8               
8               
8               
8               
8               
8               
8               
8               
8               
8               
8               
8               
8               
8               
8               
7               
7               
7               
7               
7               
7               
7               
7               
7               
7               
7               
7               
7               
7               
7               
7               
7               
7               
7               
7               
7               
7               
7               
7               
7               
7               
7               
7               
7               
7               
7               
7               
7               
7               
7               
7               
7               
7               
7               
7               
7               
7               
7               
7               
7               
7               
7               
7               
7               
7               
7               
7               
7               
7               
7               
7               
7               
6               
6               
6               
6               
6               
6               
6               
6               
6               
6               
6               
6               
5               
5               
5               
5               
5               
5               
5               
5               
5               
5               
4               
4               
4               
4               
4               
4               
4               
4               
4               
4               
3               
3               
3               
3               
3               
3               
3               
3               
3               
3               
3               
3               
3               
3               
3               
3               
3               
3               
3               
3               
3               
3               
3               
3               
3               
3               
3               
3               
3               
3               
3               
3               
3               
4               
4               
4               
4               
4               
4               
4               
4               
4               
4               
5               
5               
5               
5               
5               
5               
5               
5               
5               
6               
6               
6               
6               
6               
6               
6               
6               
6               
6               
7               
7               
7               
7               
7               
7               
7               
8               
8               
8               
8               
8               
8               
8               
9               
9               
9               
9               
9               
9               
9               
9               
9               
9               
9               
9               
9               
10              
10              
10              
10              
10              
10              
10              
10              
10              
10              
10              
10              
10              
10              
10              
10              
10              
9               
9               
9               
9               
9               
9               
9               
9               
9               
9               
9               
9               
9               
9               
9               
9               
9               
9               
9               
9               
9               
9               
9               
9               
9               
9               
9               
9               
9               
8               
8               
8               
9               
9               
9               
9               
9               
9               
9               
9               
9               
9               
9               
9               
9               
9               
9               
9               
9               
9               
9               
9               
9               
9               
9               
9               
9               
8               
8               
7               
7               
8               
9               
10              
12              
13              
14              
15              
16              
19              
23              
29              
33              
35              
39              
41              
41              
45              
49              
47              
48              
47              
47              
49              
49              
49              
48              
48              
45              
42              
42              
39              
35              
33              
32              
29              
25              
19              
12              
10              
12              
19              
33              
48              
51              
51              
51              
51              
51              
51              
51              
51              
51              
51              
51              
51              
51              
51              
51              
51              
51              
51              
35              
35              
32              
32              
32              
32              
32              
24              
21              
21              
22              
23              
25              
27              
29              
29              
28              
27              
26              
26              
26              
25              
26              
27              
28              
29              
30              
33              
38              
43              
47              
49              
49              
44              
39              
35              
33              
33              
34              
34              
35              
35              
37              
38              
38              
39              
40              
40              
39              
38              
37              
37              
36              
35              
34              
33              
33              
33              
33              
32              
32              
31              
29              
28              
26              
25              
24              
24              
23              
23              
23              
23              
23              
23              
23              
22              
22              
22              
22              
22              
23              
23              
23              
23              
23              
23              
24              
24              
24              
24              
25              
25              
25              
25              
26              
26              
26              
26              
26              
27              
27              
27              
27              
27              
27              
27              
27              
27              
28              
28              
28              
28              
29              
29              
29              
30              
30              
31              
32              
33              
33              
34              
35              
36              
36              
37              
38              
38              
39              
39              
39              
40              
40              
40              
40              
39              
39              
38              
38              
37              
36              
35              
35              
34              
33              
32              
31              
30              
30              
29              
29              
29              
28              
28              
28              
28              
28              
28              
28              
28              
29              
29              
30              
30              
31              
31              
32              
33              
33              
34              
34              
34              
35              
35              
35              
34              
34              
33              
32              
31              
30              
30              
29              
28              
27              
26              
26              
25              
24              
23              
22              
21              
21              
20              
19              
19              
18              
18              
17              
17              
16              
16              
15              
15              
15              
14              
14              
14              
13              
13              
13              
13              
13              
12              
12              
12              
12              
12              
12              
12              
12              
11              
11              
11              
11              
11              
10              
10              
10              
10              
9               
9               
9               
9               
8               
8               
8               
8               
7               
7               
7               
7               
7               
6               
6               
6               
6               
6               
6               
5               
5               
5               
5               
5               
5               
5               
5               
5               
5               
5               
5               
5               
4               
4               
4               
4               
4               
4               
4               
4               
4               
4               
4               
4               
4               
4               
4               
4               
4               
4               
4               
4               
4               
4               
4               
4               
4               
4               
4               
4               
4               
4               
4               
4               
3               
3               
3               
3               
3               
3               
3               
3               
3               
3               
3               
3               
3               
3               
3               
3               
3               
3               
3               
3               
3               
3               
2               
2               
2               
2               
2               
2               
2               
2               
2               
2               
2               
2               
3               
3               
3               
3               
3               
3               
3               
3               
3               
3               
3               
3               
3               
3               
3               
3               
4               
4               
4               
4               
4               
4               
4               
4               
4               
5               
5               
5               
5               
5               
5               
5               
5               
6               
6               
6               
6               
6               
6               
6               
6               
6               
6               
6               
6               
6               
6               
6               
6               
7               
7               
7               
7               
7               
7               
7               
7               
7               
7               
8               
8               
8               
8               
8               
8               
8               
9               
9               
9               
9               
9               
9               
9               
10              
10              
10              
10              
10              
10              
10              
10              
11              
11              
11              
11              
11              
11              
11              
11              
11              
12              
12              
12              
12              
12              
12              
12              
12              
12              
12              
12              
12              
12              
12              
11              
11              
11              
11              
11              
11              
11              
11              
11              
11              
11              
11              
11              
10              
10              
10              
10              
10              
10              
10              
10              
10              
10              
10              
10              
10              
10              
10              
10              
10              
10              
10              
10              
10              
10              
10              
10              
10              
10              
10              
10              
10              
11              
11              
11              
11              
11              
11              
11              
11              
11              
12              
12              
12              
12              
12              
12              
12              
12              
13              
13              
13              
13              
13              
13              
13              
14              
14              
14              
14              
14              
14              
14              
15              
15              
15              
15              
15              
15              
15              
14              
14              
14              
14              
13              
13              
12              
12              
12              
11              
11              
11              
11              
11              
11              
11              
13              
15              
17              
18              
18              
18              
18              
19              
20              
20              
20              
20              
18              
17              
16              
14              
13              
12              
11              
10              
9               
8               
7               
7               
7               
7               
6               
5               
5               
5               
7               
10              
15              
25              
35              
42              
42              
42              
42              
42              
42              
42              
42              
42              
42              
42              
42              
42              
42              
42              
42              
42              
21              
21              
32              
32              
32              
32              
32              
24              
21              
21              
22              
23              
24              
26              
26              
24              
24              
24              
25              
25              
25              
26              
26              
28              
28              
28              
29              
31              
34              
35              
35              
34              
32              
31              
29              
28              
29              
30              
31              
31              
30              
28              
27              
26              
25              
24              
25              
25              
24              
23              
22              
22              
22              
21              
21              
20              
19              
18              
18              
17              
16              
16              
15              
15              
15              
15              
14              
14              
14              
14              
13              
13              
13              
12              
12              
12              
12              
12              
12              
12              
12              
12              
12              
12              
12              
12              
12              
12              
12              
12              
12              
12              
12              
12              
12              
12              
13              
13              
13              
13              
13              
13              
13              
13              
14              
14              
14              
14              
14              
15              
15              
15              
15              
16              
16              
16              
16              
16              
17              
17              
17              
17              
17              
17              
17              
17              
17              
17              
17              
17              
16              
16              
16              
16              
16              
16              
15              
15              
15              
15              
15              
14              
14              
14              
13              
13              
13              
13              
12              
12              
12              
12              
12              
12              
11              
11              
11              
11              
11              
12              
12              
12              
12              
12              
12              
12              
12              
13              
13              
13              
13              
13              
13              
13              
13              
13              
13              
13              
12              
12              
12              
11              
11              
11              
10              
10              
10              
10              
9               
9               
9               
9               
9               
9               
9               
9               
9               
9               
9               
9               
9               
9               
9               
9               
9               
9               
9               
9               
10              
10              
10              
10              
10              
10              
11              
11              
11              
11              
11              
11              
11              
11              
11              
11              
11              
11              
10              
10              
10              
10              
9               
9               
9               
9               
8               
8               
8               
8               
8               
7               
7               
7               
7               
7               
7               
7               
7               
7               
7               
7               
7               
7               
7               
7               
7               
7               
7               
7               
7               
6               
6               
6               
6               
6               
6               
6               
6               
6               
6               
6               
6               
6               
6               
6               
5               
5               
5               
5               
5               
5               
5               
5               
5               
5               
5               
5               
5               
5               
6               
6               
6               
6               
6               
6               
6               
6               
6               
6               
6               
6               
6               
7               
7               
7               
7               
7               
7               
7               
8               
8               
8               
8               
8               
8               
9               
9               
9               
9               
9               
9               
9               
9               
9               
9               
9               
9               
8               
8               
8               
8               
8               
8               
8               
8               
8               
8               
8               
8               
8               
8               
8               
8               
8               
8               
8               
8               
8               
8               
8               
7               
7               
7               
7               
7               
7               
7               
7               
7               
6               
6               
6               
6               
6               
6               
5               
5               
5               
5               
5               
5               
4               
4               
4               
4               
4               
4               
4               
4               
3               
3               
3               
3               
3               
3               
3               
3               
3               
3               
3               
3               
3               
3               
3               
3               
2               
2               
2               
2               
2               
2               
2               
2               
2               
2               
2               
2               
2               
2               
2               
2               
2               
2               
2               
2               
2               
2               
2               
2               
2               
2               
2               
2               
2               
2               
2               
2               
2               
2               
2               
2               
2               
2               
2               
2               
2               
2               
2               
2               
2               
2               
2               
2               
2               
2               
2               
2               
2               
2               
2               
2               
2               
2               
2               
2               
2               
2               
2               
2               
2               
2               
3               
3               
3               
3               
3               
3               
3               
3               
3               
3               
3               
3               
3               
3               
3               
3               
3               
3               
3               
3               
3               
3               
3               
3               
3               
3               
3               
3               
3               
3               
3               
3               
3               
3               
3               
3               
3               
3               
3               
3               
3               
3               
3               
3               
3               
3               
3               
3               
3               
3               
3               
3               
3               
3               
3               
3               
3               
3               
3               
4               
4               
4               
3               
4               
4               
5               
7               
8               
9               
10              
12              
14              
15              
16              
16              
16              
17              
18              
19              
21              
21              
21              
20              
20              
20              
19              
17              
15              
15              
15              
14              
12              
10              
9               
8               
7               
5               
4               
4               
6               
11              
17              
23              
23              
23              
23              
23              
23              
23              
23              
23              
23              
23              
23              
23              
23              
23              
23              
23              
23              
15              
15              
32              
32              
32              
32              
32              
32              
32              
32              
32              
32              
32              
32              
32              
32              
32              
32              
32              
32              
32              
32              
32              
32              
32              
32              
32              
32              
32              
32              
32              
32              
32              
32              
32              
32              
32              
32              
32              
32              
32              
32              
32              
32              
32              
32              
32              
32              
32              
32              
32              
32              
32              
32              
32              
32              
32              
32              
32              
32              
32              
32              
32              
32              
32              
32              
32              
32              
32              
32              
32              
32              
32              
32              
32              
32              
32              
32              
32              
32              
32              
32              
32              
32              
32              
32              
32              
32              
32              
32              
32              
32              
32              
32              
32              
32              
32              
32              
32              
32              
32              
32              
32              
32              
32              
32              
32              
32              
32              
32              
32              
32              
32              
32              
32              
32              
32              
32              
32              
32              
32              
32              
32              
32              
32              
32              
32              
32              
32              
32              
32              
32              
32              
32              
32              
32              
32              
32              
32              
32              
32              
32              
32              
32              
32              
32              
32              
32              
32              
32              
32              
32              
32              
32              
32              
32              
32              
32              
32              
32              
32              
32              
32              
32              
32              
32              
32              
32              
32              
32              
32              
32              
32              
32              
32              
32              
32              
32              
32              
32              
32              
32              
32              
32              
32              
32              
32              
32              
32              
32              
32              
32              
32              
32              
32              
32              
32              
32              
32              
32              
32              
32              
32              
32              
32              
32              
32              
32              
32              
32              
32              
32              
32              
32              
32              
32              
32              
32              
32              
32              
32              
32              
32              
32              
32              
32              
32              
32              
32              
32              
32              
32              
32              
32              
32              
32              
32              
32              
32              
32              
32              
32              
32              
32              
32              
32              
32              
32              
32              
32              
32              
32              
32              
32              
32              
32              
32              
32              
32              
32              
32              
32              
32              
32              
32              
32              
32              
32              
32              
32              
32              
32              
32              
32              
32              
32              
32              
32              
32              
32              
32              
32              
32              
32              
32              
32              
32              
32              
32              
32              
32              
32              
32              
32              
32              
32              
32              
32              
32              
32              
32              
32              
32              
32              
32              
32              
32              
32              
32              
32              
32              
32              
32              
32              
32              
32              
32              
32              
32              
32              
32              
32              
32              
32              
32              
32              
32              
32              
32              
32              
32              
32              
32              
32              
32              
32              
32              
32              
32              
32              
32              
32              
32              
32              
32              
32              
32              
32              
32              
32              
32              
32              
32              
32              
32              
32              
32              
32              
32              
32              
32              
32              
32              
32              
32              
32              
32              
32              
32              
32              
32              
32              
32              
32              
32              
32              
32              
32              
32              
32              
32              
32              
32              
32              
32              
32              
32              
32              
32              
32              
32              
32              
32              
32              
32              
32              
32              
32              
32              
32              
32              
32              
32              
32              
32              
32              
32              
32              
32              
32              
32              
32              
32              
32              
32              
32              
32              
32              
32              
32              
32              
32              
32              
32              
32              
32              
32              
32              
32              
32              
32              
32              
32              
32              
32              
32              
32              
32              
32              
32              
32              
32              
32              
32              
32              
32              
32              
32              
32              
32              
32              
32              
32              
32              
32              
32              
32              
32              
32              
32              
32              
32              
32              
32              
32              
32              
32              
32              
32              
32              
32              
32              
32              
32              
32              
32              
32              
32              
32              
32              
32              
32              
32              
32              
32              
32              
32              
32              
32              
32              
32              
32              
32              
32              
32              
32              
32              
32              
32              
32              
32              
32              
32              
32              
32              
32              
32              
32              
32              
32              
32              
32              
32              
32              
32              
32              
32              
32              
32              
32              
32              
32              
32              
32              
32              
32              
32              
32              
32              
32              
32              
32              
32              
32              
32              
32              
32              
32              
32              
32              
32              
32              
32              
32              
32              
32              
32              
32              
32              
32              
32              
32              
32              
32              
32              
32              
32              
32              
32              
32              
32              
32              
32              
32              
32              
32              
32              
32              
32              
32              
32              
32              
32              
32              
32              
32              
32              
32              
32              
32              
32              
32              
1               
33              
32767           
45              
75              
40              
40              
-6              
-6              
-48             
-48             
0               
1               
100             
0               
0               
32767           
6               
-18             
12              
-74             
-71             
-77             
-82             
-87             
-90             
-94             
-96             
-97             
-99             
-101            
-102            
-102            
-104            
-105            
-105            
-106            
-107            
-106            
-106            
-106            
-105            
-106            
-108            
-108            
-107            
-107            
-108            
-109            
-110            
-110            
-108            
-110            
-109            
-109            
-109            
-110            
-110            
-109            
-109            
-110            
-110            
-111            
-111            
-111            
-110            
-111            
-110            
-110            
-111            
-111            
-110            
-110            
-110            
-112            
-111            
-111            
-111            
-112            
-111            
-112            
-111            
-111            
-111            
-111            
-112            
-112            
-111            
-111            
-111            
-112            
-111            
-112            
-112            
-111            
-111            
-111            
-110            
-112            
-112            
-111            
-110            
-111            
-112            
-112            
-111            
-111            
-112            
-111            
-112            
-112            
-112            
-112            
-112            
-111            
-112            
-112            
-111            
-113            
-112            
-112            
-111            
-111            
-112            
-113            
-113            
-112            
-112            
-112            
-112            
-112            
-113            
-112            
-112            
-112            
-113            
-112            
-112            
-113            
-112            
-111            
-112            
-111            
-112            
-113            
-112            
-112            
-113            
-112            
-112            
-112            
-112            
-111            
-112            
-112            
-113            
-112            
-112            
-112            
-112            
-112            
-111            
-112            
-113            
-112            
-112            
-112            
-112            
-112            
-111            
-113            
-112            
-113            
-112            
-112            
-113            
-112            
-112            
-112            
-112            
-112            
-112            
-112            
-113            
-112            
-113            
-113            
-112            
-112            
-112            
-113            
-113            
-113            
-112            
-112            
-112            
-111            
-112            
-114            
-112            
-111            
-112            
-111            
-109            
-111            
-112            
-113            
-112            
-112            
-112            
-112            
-113            
-113            
-112            
-112            
-112            
-110            
-112            
-113            
-113            
-110            
-111            
-112            
-112            
-111            
-111            
-112            
-112            
-112            
-112            
-112            
-112            
-112            
-111            
-112            
-113            
-113            
-111            
-111            
-112            
-112            
-112            
-111            
-112            
-112            
-111            
-111            
-112            
-112            
-112            
-111            
-111            
-111            
-111            
-112            
-111            
-112            
-112            
-112            
-112            
-112            
-112            
-112            
-111            
-112            
-112            
-112            
-111            
-111            
-111            
-112            
-112            
-112            
-112            
-112            
-111            
-111            
-111            
-111            
-111            
-112            
-110            
-111            
-111            
-111            
-111            
-110            
-111            
-111            
-111            
-111            
-111            
-111            
-111            
-110            
-110            
-110            
-109            
-110            
-111            
-110            
-110            
-110            
-109            
-109            
-108            
-109            
-109            
-109            
-109            
-109            
-109            
-108            
-109            
-109            
-110            
-109            
-108            
-108            
-108            
-108            
-109            
-108            
-107            
-106            
-107            
-107            
-108            
-107            
-107            
-108            
-107            
-108            
-107            
-107            
-107            
-106            
-106            
-107            
-107            
-109            
-110            
-109            
-108            
-109            
-110            
-109            
-109            
-108            
-108            
-108            
-108            
-107            
-107            
-110            
-110            
-110            
-110            
-110            
-110            
-110            
-111            
-110            
-109            
-110            
-111            
-110            
-110            
-111            
-112            
-112            
-112            
-112            
-111            
-111            
-110            
-111            
-111            
-111            
-111            
-111            
-111            
-111            
-112            
-111            
-111            
-112            
-113            
-112            
-112            
-111            
-112            
-112            
-112            
-112            
-112            
-113            
-112            
-113            
-112            
-113            
-112            
-112            
-112            
-111            
-112            
-112            
-112            
-112            
-112            
-112            
-113            
-112            
-112            
-112            
-113            
-113            
-112            
-112            
-112            
-112            
-112            
-112            
-112            
-112            
-113            
-113            
-112            
-111            
-112            
-112            
-112            
-112            
-112            
-112            
-112            
-112            
-113            
-113            
-113            
-113            
-112            
-112            
-113            
-112            
-112            
-113            
-113            
-112            
-113            
-113            
-113            
-112            
-112            
-112            
-113            
-113            
-113            
-113            
-112            
-112            
-112            
-113            
-113            
-112            
-112            
-113            
-113            
-113            
-112            
-112            
-113            
-112            
-112            
-113            
-112            
-113            
-112            
-112            
-112            
-113            
-112            
-113            
-113            
-113            
-112            
-112            
-112            
-112            
-113            
-113            
-112            
-112            
-111            
-112            
-113            
-113            
-113            
-113            
-113            
-112            
-112            
-112            
-113            
-113            
-112            
-112            
-112            
-112            
-111            
-112            
-113            
-112            
-112            
-112            
-113            
-113            
-112            
-112            
-113            
-112            
-113            
-114            
-112            
-113            
-113            
-113            
-112            
-113            
-114            
-115            
-115            
-117            
-74             
-70             
-78             
-81             
-86             
-91             
-95             
-97             
-98             
-98             
-99             
-101            
-103            
-103            
-105            
-104            
-106            
-107            
-107            
-106            
-106            
-106            
-108            
-107            
-107            
-108            
-109            
-109            
-109            
-109            
-110            
-109            
-109            
-110            
-110            
-110            
-109            
-110            
-110            
-110            
-110            
-111            
-110            
-110            
-111            
-110            
-111            
-110            
-110            
-110            
-110            
-110            
-110            
-112            
-112            
-111            
-111            
-110            
-111            
-111            
-111            
-111            
-111            
-112            
-112            
-112            
-112            
-111            
-110            
-111            
-111            
-111            
-111            
-111            
-111            
-112            
-112            
-112            
-112            
-112            
-111            
-111            
-111            
-111            
-111            
-111            
-111            
-111            
-112            
-111            
-112            
-112            
-112            
-112            
-112            
-112            
-112            
-113            
-112            
-112            
-111            
-112            
-112            
-112            
-113            
-113            
-112            
-113            
-112            
-112            
-112            
-112            
-112            
-112            
-112            
-111            
-111            
-111            
-113            
-112            
-113            
-112            
-112            
-113            
-112            
-112            
-112            
-112            
-113            
-112            
-112            
-112            
-112            
-112            
-112            
-112            
-111            
-112            
-113            
-113            
-111            
-112            
-112            
-112            
-112            
-112            
-112            
-112            
-112            
-112            
-112            
-112            
-112            
-112            
-112            
-112            
-111            
-113            
-113            
-113            
-113            
-112            
-112            
-112            
-112            
-112            
-112            
-113            
-112            
-112            
-112            
-113            
-113            
-112            
-112            
-111            
-112            
-112            
-111            
-111            
-111            
-112            
-113            
-112            
-112            
-113            
-112            
-112            
-111            
-112            
-112            
-111            
-107            
-112            
-113            
-111            
-109            
-110            
-112            
-112            
-111            
-112            
-112            
-112            
-112            
-111            
-112            
-112            
-112            
-110            
-112            
-112            
-112            
-112            
-112            
-113            
-112            
-111            
-111            
-112            
-113            
-113            
-112            
-112            
-113            
-112            
-111            
-112            
-112            
-112            
-111            
-112            
-112            
-113            
-112            
-112            
-113            
-112            
-112            
-112            
-112            
-112            
-112            
-111            
-112            
-112            
-112            
-111            
-112            
-113            
-112            
-111            
-112            
-112            
-113            
-112            
-112            
-111            
-112            
-112            
-111            
-111            
-111            
-111            
-111            
-111            
-112            
-111            
-111            
-111            
-111            
-112            
-111            
-110            
-111            
-111            
-111            
-111            
-111            
-110            
-111            
-111            
-111            
-111            
-110            
-110            
-110            
-111            
-110            
-110            
-110            
-110            
-110            
-110            
-110            
-109            
-109            
-110            
-110            
-109            
-109            
-110            
-110            
-110            
-109            
-109            
-108            
-108            
-108            
-110            
-109            
-108            
-108            
-109            
-109            
-108            
-108            
-107            
-107            
-107            
-107            
-108            
-106            
-106            
-106            
-107            
-106            
-107            
-106            
-107            
-108            
-107            
-106            
-107            
-107            
-106            
-106            
-106            
-108            
-108            
-109            
-108            
-108            
-109            
-109            
-108            
-109            
-109            
-110            
-110            
-111            
-110            
-109            
-110            
-110            
-110            
-110            
-110            
-110            
-110            
-110            
-110            
-111            
-111            
-111            
-111            
-111            
-111            
-112            
-111            
-112            
-110            
-111            
-111            
-111            
-111            
-111            
-111            
-112            
-111            
-111            
-112            
-112            
-111            
-111            
-112            
-111            
-112            
-112            
-112            
-112            
-112            
-112            
-112            
-112            
-112            
-111            
-112            
-111            
-112            
-112            
-111            
-112            
-112            
-112            
-112            
-112            
-113            
-112            
-111            
-112            
-111            
-112            
-113            
-112            
-112            
-112            
-112            
-112            
-112            
-112            
-112            
-112            
-112            
-112            
-112            
-113            
-113            
-112            
-113            
-113            
-112            
-112            
-113            
-112            
-111            
-112            
-113            
-112            
-113            
-112            
-112            
-113            
-113            
-112            
-112            
-113            
-113            
-112            
-113            
-113            
-113            
-113            
-113            
-113            
-111            
-112            
-112            
-112            
-113            
-112            
-112            
-111            
-112            
-112            
-113            
-112            
-112            
-112            
-112            
-112            
-112            
-112            
-113            
-113            
-113            
-113            
-112            
-112            
-112            
-113            
-113            
-113            
-112            
-113            
-112            
-112            
-112            
-113            
-112            
-112            
-112            
-112            
-112            
-112            
-113            
-112            
-113            
-113            
-113            
-112            
-112            
-113            
-112            
-113            
-113            
-112            
-113            
-114            
-114            
-115            
-116            
-118            
0               
0               
10              
0               
-10             
1               
0               
-6              
0               
4687            
0               
-15             
-3              
-20             
0               
9830            
1638            
655             
0               
-20             
0               
-6              
301             
300             
0               
0               
0               
0               
32767           
0               
4               
10976           
0               
-96             
28642           
0               
0               
-13             
27000           
27000           
27000           
27000           
16384           
-12             
-18             
96              
440             
6826            
6826            
6826            
6826            
6826            
1               
1               
20              
-3              
-12             
-12             
1               
3               
-6              
-6              
1000            
1000            
6               
6               
0               
0               
300             
30              
50              
1               
0               
14000           
0               
50              
5               
0               
100             
200             
0               
6300            
500             
-1536           
4500            
300             
-1536           
8000            
300             
0               
12000           
100             
-5632           
15500           
200             
0               
300             
200             
0               
1000            
100             
0               
20              
96              
0               
20              
96              
50              
0               
150             
40              
-6              
3000            
0               
0               
0               
2               
20              
3               
1               
20              
0               
0               
500             
5000            
-96             
-24             
0               
0               
0               
-96             
-24             
0               
0               
0               
1               
0               
700             
2               
1               
20              
0               
0               
10000           
10000           
-96             
0               
0               
0               
0               
-96             
0               
0               
0               
0               
1               
0               
20              
2               
1               
20              
0               
0               
10000           
10000           
-96             
0               
0               
0               
0               
-96             
0               
0               
0               
0               
1               
0               
20              
2               
1               
20              
0               
0               
10000           
10000           
-96             
0               
0               
0               
0               
-96             
0               
0               
0               
0               
1               
0               
20              
2               
1               
20              
0               
0               
10000           
10000           
-96             
0               
0               
0               
0               
-96             
0               
0               
0               
0               
1               
0               
1               
20              
5               
0               
20              
0               
0               
50              
2000            
-96             
-80             
-45             
-18             
0               
-96             
-80             
-45             
-18             
-18             
1               
0               
1               
-1              
10              
0               
0               
90              
75              
100             
10              
10              
1               
0               
-20             
-20             
-96             
-20             
-6              
3               
50              
0               
10              
0               
0               
0               
0               
28              
18              
47              
0               
0               
160             
117             
0               
4               
4               
0               
0               
1               
0               
2               
1               
0               
0               
0               
0               
0               
-30             
0               
100             
93              
85              
6826            
6826            
6826            
6826            
6826            
6826            
6826            
6826            
6826            
6826            

// Volume 0
