3707            
4               
12              
0               
1               
10              
17409           
0               
0               
0               
17413           
32              
2               
2               
0               
1               

// Volume Independent Parameters
1               
0               
0               
0               
0               
0               
0               
0               
0               
1               
20              
5               
50              
5000            
-96             
-80             
-50             
-26             
0               
-86             
-70             
-40             
-26             
-20             
1               
13              
32              
32              
32              
32              
32              
32              
32              
32              
32              
26              
26              
27              
25              
25              
25              
27              
28              
32              
35              
36              
33              
28              
25              
26              
30              
36              
42              
48              
51              
51              
51              
51              
51              
49              
45              
42              
40              
40              
39              
43              
49              
51              
51              
51              
51              
51              
51              
51              
51              
51              
51              
51              
51              
51              
51              
51              
51              
51              
51              
51              
51              
50              
48              
47              
47              
47              
47              
47              
47              
46              
44              
42              
39              
37              
35              
34              
33              
33              
33              
32              
32              
31              
31              
30              
30              
29              
29              
29              
29              
28              
28              
28              
28              
27              
27              
27              
27              
27              
27              
26              
26              
26              
26              
26              
26              
26              
26              
27              
27              
27              
28              
28              
28              
29              
29              
29              
30              
30              
31              
31              
31              
32              
32              
32              
33              
33              
33              
34              
34              
34              
34              
34              
33              
33              
33              
33              
32              
31              
30              
29              
29              
28              
27              
26              
25              
24              
23              
22              
21              
20              
20              
19              
18              
18              
17              
17              
16              
16              
15              
15              
15              
15              
15              
15              
15              
15              
14              
14              
14              
14              
14              
15              
15              
15              
15              
15              
16              
16              
16              
16              
16              
16              
16              
17              
17              
17              
17              
17              
17              
17              
17              
17              
17              
17              
17              
17              
17              
17              
18              
18              
18              
18              
18              
19              
19              
19              
19              
20              
20              
20              
21              
21              
21              
21              
21              
20              
20              
20              
19              
19              
19              
18              
18              
17              
17              
17              
16              
16              
15              
15              
14              
14              
14              
13              
13              
12              
12              
12              
11              
11              
10              
10              
10              
10              
9               
9               
9               
9               
8               
8               
8               
8               
8               
7               
7               
7               
7               
7               
7               
6               
6               
6               
6               
6               
6               
6               
6               
6               
5               
5               
5               
5               
5               
5               
5               
5               
5               
5               
5               
5               
5               
5               
5               
5               
5               
5               
5               
5               
5               
5               
5               
5               
5               
5               
5               
5               
5               
5               
5               
5               
5               
5               
5               
5               
5               
5               
5               
4               
4               
4               
4               
4               
4               
4               
4               
4               
4               
4               
4               
4               
4               
4               
4               
3               
3               
3               
3               
3               
3               
4               
4               
4               
4               
4               
4               
4               
4               
4               
4               
4               
4               
5               
5               
5               
5               
5               
5               
5               
5               
5               
6               
6               
6               
6               
6               
7               
7               
7               
7               
8               
8               
8               
9               
9               
9               
10              
10              
11              
11              
12              
13              
13              
14              
15              
15              
16              
17              
18              
18              
19              
20              
21              
22              
22              
23              
24              
24              
25              
25              
26              
26              
26              
26              
25              
25              
25              
25              
25              
24              
24              
23              
23              
22              
22              
21              
21              
21              
21              
20              
20              
20              
20              
20              
20              
19              
19              
19              
19              
19              
19              
19              
19              
19              
19              
19              
19              
19              
20              
20              
20              
21              
21              
21              
21              
21              
21              
22              
22              
22              
22              
23              
23              
23              
23              
23              
23              
23              
23              
23              
23              
24              
24              
24              
24              
24              
24              
24              
25              
25              
25              
26              
26              
26              
26              
27              
27              
27              
27              
28              
28              
28              
28              
28              
28              
29              
29              
29              
29              
29              
29              
29              
29              
29              
29              
29              
29              
30              
30              
30              
30              
29              
29              
29              
28              
28              
28              
27              
27              
27              
27              
26              
26              
26              
26              
26              
26              
27              
27              
27              
28              
28              
28              
29              
31              
36              
47              
51              
51              
51              
51              
45              
36              
32              
33              
35              
38              
40              
44              
49              
51              
47              
42              
38              
37              
36              
35              
36              
38              
40              
39              
34              
27              
21              
17              
15              
14              
14              
15              
16              
18              
19              
17              
15              
12              
11              
11              
11              
10              
11              
11              
11              
10              
10              
10              
10              
10              
10              
10              
10              
10              
10              
10              
10              
10              
10              
10              
10              
10              
25              
25              
32              
32              
32              
32              
32              
32              
32              
32              
32              
24              
23              
24              
23              
24              
25              
29              
32              
36              
38              
38              
35              
31              
27              
27              
30              
36              
43              
44              
45              
45              
48              
50              
48              
44              
41              
41              
39              
37              
37              
41              
49              
51              
51              
51              
51              
51              
51              
51              
51              
51              
51              
51              
51              
51              
51              
51              
51              
51              
51              
49              
49              
47              
46              
44              
45              
44              
45              
44              
44              
42              
40              
38              
36              
35              
33              
32              
31              
30              
30              
29              
29              
28              
28              
27              
27              
27              
26              
26              
26              
26              
26              
25              
25              
25              
25              
24              
24              
24              
24              
24              
24              
24              
23              
23              
23              
23              
23              
23              
23              
24              
24              
24              
24              
24              
24              
24              
24              
25              
25              
25              
25              
25              
25              
25              
26              
26              
26              
26              
26              
26              
26              
26              
26              
25              
25              
25              
24              
24              
23              
23              
22              
22              
21              
21              
20              
20              
19              
19              
18              
18              
17              
17              
16              
16              
16              
15              
15              
15              
14              
14              
14              
14              
13              
13              
13              
13              
13              
12              
12              
12              
12              
12              
12              
12              
12              
12              
12              
12              
13              
13              
13              
13              
13              
14              
14              
14              
15              
15              
15              
16              
16              
17              
17              
18              
18              
19              
19              
20              
21              
21              
22              
23              
24              
25              
26              
27              
27              
28              
29              
30              
30              
31              
31              
32              
32              
32              
32              
31              
31              
31              
30              
30              
29              
29              
28              
28              
27              
26              
25              
24              
23              
22              
21              
20              
20              
19              
18              
17              
16              
15              
15              
14              
13              
13              
12              
11              
11              
11              
10              
10              
9               
9               
9               
9               
8               
8               
8               
8               
8               
8               
8               
7               
7               
7               
7               
7               
7               
7               
7               
7               
7               
7               
7               
7               
7               
7               
7               
7               
7               
7               
7               
7               
8               
8               
8               
8               
8               
8               
8               
8               
8               
8               
8               
8               
8               
8               
8               
8               
8               
8               
7               
7               
7               
7               
7               
6               
6               
6               
6               
5               
5               
5               
5               
5               
4               
4               
4               
4               
4               
4               
3               
3               
3               
3               
3               
3               
3               
3               
3               
3               
3               
3               
3               
3               
3               
3               
3               
3               
3               
3               
3               
3               
3               
4               
4               
4               
4               
4               
4               
4               
5               
5               
5               
5               
5               
6               
6               
6               
6               
6               
7               
7               
7               
7               
8               
8               
8               
9               
9               
9               
9               
10              
10              
11              
11              
12              
12              
13              
13              
14              
14              
14              
15              
15              
15              
16              
16              
16              
16              
16              
16              
16              
16              
16              
16              
16              
16              
16              
16              
16              
15              
15              
15              
15              
15              
15              
14              
14              
14              
14              
14              
14              
14              
14              
13              
13              
13              
13              
13              
13              
13              
13              
13              
13              
13              
13              
12              
12              
12              
12              
12              
12              
12              
12              
13              
13              
13              
13              
13              
13              
13              
13              
13              
14              
14              
14              
14              
15              
15              
16              
16              
16              
17              
17              
18              
18              
19              
20              
21              
21              
22              
23              
24              
25              
26              
27              
28              
29              
30              
31              
32              
34              
35              
36              
37              
38              
39              
40              
41              
42              
43              
44              
45              
45              
45              
44              
44              
43              
43              
42              
42              
41              
41              
39              
38              
36              
35              
33              
32              
31              
30              
30              
29              
28              
28              
27              
27              
26              
26              
26              
26              
26              
26              
27              
31              
38              
48              
51              
51              
49              
40              
34              
34              
34              
33              
32              
33              
38              
45              
47              
42              
36              
32              
31              
31              
31              
34              
38              
42              
43              
37              
28              
21              
16              
13              
11              
10              
11              
12              
13              
14              
14              
13              
11              
10              
9               
9               
8               
8               
8               
7               
7               
7               
7               
7               
7               
7               
7               
7               
7               
7               
7               
7               
7               
7               
7               
7               
7               
22              
22              
32              
32              
32              
32              
32              
32              
32              
32              
32              
32              
32              
32              
32              
32              
32              
32              
32              
32              
32              
32              
32              
32              
32              
32              
32              
32              
32              
32              
32              
32              
32              
32              
32              
32              
32              
32              
32              
32              
32              
32              
32              
32              
32              
32              
32              
32              
32              
32              
32              
32              
32              
32              
32              
32              
32              
32              
32              
32              
32              
32              
32              
32              
32              
32              
32              
32              
32              
32              
32              
32              
32              
32              
32              
32              
32              
32              
32              
32              
32              
32              
32              
32              
32              
32              
32              
32              
32              
32              
32              
32              
32              
32              
32              
32              
32              
32              
32              
32              
32              
32              
32              
32              
32              
32              
32              
32              
32              
32              
32              
32              
32              
32              
32              
32              
32              
32              
32              
32              
32              
32              
32              
32              
32              
32              
32              
32              
32              
32              
32              
32              
32              
32              
32              
32              
32              
32              
32              
32              
32              
32              
32              
32              
32              
32              
32              
32              
32              
32              
32              
32              
32              
32              
32              
32              
32              
32              
32              
32              
32              
32              
32              
32              
32              
32              
32              
32              
32              
32              
32              
32              
32              
32              
32              
32              
32              
32              
32              
32              
32              
32              
32              
32              
32              
32              
32              
32              
32              
32              
32              
32              
32              
32              
32              
32              
32              
32              
32              
32              
32              
32              
32              
32              
32              
32              
32              
32              
32              
32              
32              
32              
32              
32              
32              
32              
32              
32              
32              
32              
32              
32              
32              
32              
32              
32              
32              
32              
32              
32              
32              
32              
32              
32              
32              
32              
32              
32              
32              
32              
32              
32              
32              
32              
32              
32              
32              
32              
32              
32              
32              
32              
32              
32              
32              
32              
32              
32              
32              
32              
32              
32              
32              
32              
32              
32              
32              
32              
32              
32              
32              
32              
32              
32              
32              
32              
32              
32              
32              
32              
32              
32              
32              
32              
32              
32              
32              
32              
32              
32              
32              
32              
32              
32              
32              
32              
32              
32              
32              
32              
32              
32              
32              
32              
32              
32              
32              
32              
32              
32              
32              
32              
32              
32              
32              
32              
32              
32              
32              
32              
32              
32              
32              
32              
32              
32              
32              
32              
32              
32              
32              
32              
32              
32              
32              
32              
32              
32              
32              
32              
32              
32              
32              
32              
32              
32              
32              
32              
32              
32              
32              
32              
32              
32              
32              
32              
32              
32              
32              
32              
32              
32              
32              
32              
32              
32              
32              
32              
32              
32              
32              
32              
32              
32              
32              
32              
32              
32              
32              
32              
32              
32              
32              
32              
32              
32              
32              
32              
32              
32              
32              
32              
32              
32              
32              
32              
32              
32              
32              
32              
32              
32              
32              
32              
32              
32              
32              
32              
32              
32              
32              
32              
32              
32              
32              
32              
32              
32              
32              
32              
32              
32              
32              
32              
32              
32              
32              
32              
32              
32              
32              
32              
32              
32              
32              
32              
32              
32              
32              
32              
32              
32              
32              
32              
32              
32              
32              
32              
32              
32              
32              
32              
32              
32              
32              
32              
32              
32              
32              
32              
32              
32              
32              
32              
32              
32              
32              
32              
32              
32              
32              
32              
32              
32              
32              
32              
32              
32              
32              
32              
32              
32              
32              
32              
32              
32              
32              
32              
32              
32              
32              
32              
32              
32              
32              
32              
32              
32              
32              
32              
32              
32              
32              
32              
32              
32              
32              
32              
32              
32              
32              
32              
32              
32              
32              
32              
32              
32              
32              
32              
32              
32              
32              
32              
32              
32              
32              
32              
32              
32              
32              
32              
32              
32              
32              
32              
32              
32              
32              
32              
32              
32              
32              
32              
32              
32              
32              
32              
32              
32              
32              
32              
32              
32              
32              
32              
32              
32              
32              
32              
32              
32              
32              
32              
32              
32              
32              
32              
32              
32              
32              
32              
32              
32              
32              
32              
32              
32              
32              
32              
32              
32              
32              
32              
32              
32              
32              
32              
32              
32              
32              
32              
32              
32              
32              
32              
32              
32              
32              
32              
32              
32              
32              
32              
32              
32              
32              
32              
32              
32              
32              
32              
32              
32              
32              
32              
32              
32              
32              
32              
32              
32              
32              
32              
32              
32              
32              
32              
32              
32              
32              
32              
32              
32              
32              
32              
32              
32              
32              
32              
32              
32              
32              
32              
32              
32              
32              
32              
32              
32              
32              
32              
32              
32              
32              
32              
32              
32              
32              
32              
32              
32              
32              
32              
32              
32              
32              
32              
32              
32              
32              
32              
32              
32              
32              
32              
32              
32              
32              
32              
32              
32              
32              
32              
32              
32              
32              
32              
32              
32              
32              
32              
32              
32              
32              
32              
32              
32              
32              
32              
32              
32              
32              
32              
32              
32              
32              
32              
32              
32              
32              
32              
32              
32              
32              
32              
32              
32              
32              
32              
32              
32              
32              
32              
32              
32              
32              
32              
32              
32              
32              
32              
32              
32              
32              
32              
32              
32              
32              
32              
32              
32              
32              
32              
32              
32              
32              
32              
32              
32              
32              
32              
32              
32              
32              
32              
32              
32              
32              
32              
32              
32              
32              
32              
32              
32              
32              
32              
32              
32              
32              
32              
32              
32              
32              
32              
32              
32              
32              
32              
32              
32              
32              
32              
32              
32              
32              
32              
32              
32              
32              
32              
32              
32              
32              
32              
32              
32              
32              
32              
32              
32              
32              
32              
32              
32              
32              
32              
32              
32              
32              
32              
32              
32              
32              
32              
32              
32              
32              
32              
32              
32              
32              
32              
32              
32              
32              
32              
32              
32              
32              
32              
32              
32              
32              
32              
32              
32              
32              
32              
32              
32              
32              
32              
32              
32              
32              
32              
32              
32              
32              
32              
32              
32              
32              
32              
32              
32              
32              
32              
32              
32              
32              
32              
32              
32              
32              
32              
32              
32              
32              
32              
32              
32              
32              
32              
32              
32              
32              
32              
32              
32              
32              
32              
32              
32              
32              
32              
32              
32              
32              
32              
32              
32              
32              
32              
32              
32              
32              
32              
32              
32              
32              
32              
32              
32              
32              
32              
32              
32              
32              
32              
32              
32              
32              
32              
32              
32              
32              
32              
32              
32              
32              
32              
32              
32              
32              
32              
32              
32              
32              
32              
32              
32              
32              
32              
32              
32              
32              
32              
32              
32              
32              
32              
32              
32              
32              
32              
32              
32              
32              
32              
32              
32              
32              
32              
32              
32              
32              
32              
32              
32              
32              
32              
32              
32              
32              
32              
32              
32              
32              
32              
32              
32              
32              
32              
32              
32              
32              
32              
32              
32              
32              
32              
32              
32              
32              
32              
32              
32              
32              
32              
32              
32              
32              
32              
32              
32              
32              
32              
32              
32              
32              
32              
32              
32              
32              
32              
32              
32              
32              
32              
32              
32              
32              
32              
32              
32              
32              
32              
32              
32              
32              
32              
32              
32              
32              
32              
32              
32              
32              
32              
32              
32              
32              
32              
32              
32              
32              
32              
32              
32              
32              
32              
32              
32              
32              
32              
32              
32              
32              
32              
32              
32              
32              
32              
32              
32              
32              
32              
32              
32              
32              
32              
32              
32              
32              
32              
32              
32              
32              
32              
32              
32              
32              
32              
32              
32              
32              
32              
32              
32              
32              
32              
32              
32              
32              
32              
32              
32              
32              
32              
32              
32              
32              
32              
32              
32              
32              
32              
32              
32              
32              
32              
32              
32              
32              
32              
32              
32              
32              
32              
32              
32              
32              
32              
32              
32              
32              
32              
32              
32              
32              
32              
32              
32              
32              
32              
32              
32              
32              
32              
32              
32              
32              
32              
32              
32              
32              
32              
32              
32              
32              
32              
32              
32              
32              
32              
32              
32              
32              
32              
32              
32              
32              
32              
32              
32              
32              
32              
32              
32              
0               
33              
32767           
30              
100             
50              
50              
-6              
-6              
-12             
-12             
0               
1               
100             
0               
0               
32767           
6               
-18             
12              
-74             
-71             
-77             
-82             
-87             
-90             
-94             
-96             
-97             
-99             
-101            
-102            
-102            
-104            
-105            
-105            
-106            
-107            
-106            
-106            
-106            
-105            
-106            
-108            
-108            
-107            
-107            
-108            
-109            
-110            
-110            
-108            
-110            
-109            
-109            
-109            
-110            
-110            
-109            
-109            
-110            
-110            
-111            
-111            
-111            
-110            
-111            
-110            
-110            
-111            
-111            
-110            
-110            
-110            
-112            
-111            
-111            
-111            
-112            
-111            
-112            
-111            
-111            
-111            
-111            
-112            
-112            
-111            
-111            
-111            
-112            
-111            
-112            
-112            
-111            
-111            
-111            
-110            
-112            
-112            
-111            
-110            
-111            
-112            
-112            
-111            
-111            
-112            
-111            
-112            
-112            
-112            
-112            
-112            
-111            
-112            
-112            
-111            
-113            
-112            
-112            
-111            
-111            
-112            
-113            
-113            
-112            
-112            
-112            
-112            
-112            
-113            
-112            
-112            
-112            
-113            
-112            
-112            
-113            
-112            
-111            
-112            
-111            
-112            
-113            
-112            
-112            
-113            
-112            
-112            
-112            
-112            
-111            
-112            
-112            
-113            
-112            
-112            
-112            
-112            
-112            
-111            
-112            
-113            
-112            
-112            
-112            
-112            
-112            
-111            
-113            
-112            
-113            
-112            
-112            
-113            
-112            
-112            
-112            
-112            
-112            
-112            
-112            
-113            
-112            
-113            
-113            
-112            
-112            
-112            
-113            
-113            
-113            
-112            
-112            
-112            
-111            
-112            
-114            
-112            
-111            
-112            
-111            
-109            
-111            
-112            
-113            
-112            
-112            
-112            
-112            
-113            
-113            
-112            
-112            
-112            
-110            
-112            
-113            
-113            
-110            
-111            
-112            
-112            
-111            
-111            
-112            
-112            
-112            
-112            
-112            
-112            
-112            
-111            
-112            
-113            
-113            
-111            
-111            
-112            
-112            
-112            
-111            
-112            
-112            
-111            
-111            
-112            
-112            
-112            
-111            
-111            
-111            
-111            
-112            
-111            
-112            
-112            
-112            
-112            
-112            
-112            
-112            
-111            
-112            
-112            
-112            
-111            
-111            
-111            
-112            
-112            
-112            
-112            
-112            
-111            
-111            
-111            
-111            
-111            
-112            
-110            
-111            
-111            
-111            
-111            
-110            
-111            
-111            
-111            
-111            
-111            
-111            
-111            
-110            
-110            
-110            
-109            
-110            
-111            
-110            
-110            
-110            
-109            
-109            
-108            
-109            
-109            
-109            
-109            
-109            
-109            
-108            
-109            
-109            
-110            
-109            
-108            
-108            
-108            
-108            
-109            
-108            
-107            
-106            
-107            
-107            
-108            
-107            
-107            
-108            
-107            
-108            
-107            
-107            
-107            
-106            
-106            
-107            
-107            
-109            
-110            
-109            
-108            
-109            
-110            
-109            
-109            
-108            
-108            
-108            
-108            
-107            
-107            
-110            
-110            
-110            
-110            
-110            
-110            
-110            
-111            
-110            
-109            
-110            
-111            
-110            
-110            
-111            
-112            
-112            
-112            
-112            
-111            
-111            
-110            
-111            
-111            
-111            
-111            
-111            
-111            
-111            
-112            
-111            
-111            
-112            
-113            
-112            
-112            
-111            
-112            
-112            
-112            
-112            
-112            
-113            
-112            
-113            
-112            
-113            
-112            
-112            
-112            
-111            
-112            
-112            
-112            
-112            
-112            
-112            
-113            
-112            
-112            
-112            
-113            
-113            
-112            
-112            
-112            
-112            
-112            
-112            
-112            
-112            
-113            
-113            
-112            
-111            
-112            
-112            
-112            
-112            
-112            
-112            
-112            
-112            
-113            
-113            
-113            
-113            
-112            
-112            
-113            
-112            
-112            
-113            
-113            
-112            
-113            
-113            
-113            
-112            
-112            
-112            
-113            
-113            
-113            
-113            
-112            
-112            
-112            
-113            
-113            
-112            
-112            
-113            
-113            
-113            
-112            
-112            
-113            
-112            
-112            
-113            
-112            
-113            
-112            
-112            
-112            
-113            
-112            
-113            
-113            
-113            
-112            
-112            
-112            
-112            
-113            
-113            
-112            
-112            
-111            
-112            
-113            
-113            
-113            
-113            
-113            
-112            
-112            
-112            
-113            
-113            
-112            
-112            
-112            
-112            
-111            
-112            
-113            
-112            
-112            
-112            
-113            
-113            
-112            
-112            
-113            
-112            
-113            
-114            
-112            
-113            
-113            
-113            
-112            
-113            
-114            
-115            
-115            
-117            
-74             
-70             
-78             
-81             
-86             
-91             
-95             
-97             
-98             
-98             
-99             
-101            
-103            
-103            
-105            
-104            
-106            
-107            
-107            
-106            
-106            
-106            
-108            
-107            
-107            
-108            
-109            
-109            
-109            
-109            
-110            
-109            
-109            
-110            
-110            
-110            
-109            
-110            
-110            
-110            
-110            
-111            
-110            
-110            
-111            
-110            
-111            
-110            
-110            
-110            
-110            
-110            
-110            
-112            
-112            
-111            
-111            
-110            
-111            
-111            
-111            
-111            
-111            
-112            
-112            
-112            
-112            
-111            
-110            
-111            
-111            
-111            
-111            
-111            
-111            
-112            
-112            
-112            
-112            
-112            
-111            
-111            
-111            
-111            
-111            
-111            
-111            
-111            
-112            
-111            
-112            
-112            
-112            
-112            
-112            
-112            
-112            
-113            
-112            
-112            
-111            
-112            
-112            
-112            
-113            
-113            
-112            
-113            
-112            
-112            
-112            
-112            
-112            
-112            
-112            
-111            
-111            
-111            
-113            
-112            
-113            
-112            
-112            
-113            
-112            
-112            
-112            
-112            
-113            
-112            
-112            
-112            
-112            
-112            
-112            
-112            
-111            
-112            
-113            
-113            
-111            
-112            
-112            
-112            
-112            
-112            
-112            
-112            
-112            
-112            
-112            
-112            
-112            
-112            
-112            
-112            
-111            
-113            
-113            
-113            
-113            
-112            
-112            
-112            
-112            
-112            
-112            
-113            
-112            
-112            
-112            
-113            
-113            
-112            
-112            
-111            
-112            
-112            
-111            
-111            
-111            
-112            
-113            
-112            
-112            
-113            
-112            
-112            
-111            
-112            
-112            
-111            
-107            
-112            
-113            
-111            
-109            
-110            
-112            
-112            
-111            
-112            
-112            
-112            
-112            
-111            
-112            
-112            
-112            
-110            
-112            
-112            
-112            
-112            
-112            
-113            
-112            
-111            
-111            
-112            
-113            
-113            
-112            
-112            
-113            
-112            
-111            
-112            
-112            
-112            
-111            
-112            
-112            
-113            
-112            
-112            
-113            
-112            
-112            
-112            
-112            
-112            
-112            
-111            
-112            
-112            
-112            
-111            
-112            
-113            
-112            
-111            
-112            
-112            
-113            
-112            
-112            
-111            
-112            
-112            
-111            
-111            
-111            
-111            
-111            
-111            
-112            
-111            
-111            
-111            
-111            
-112            
-111            
-110            
-111            
-111            
-111            
-111            
-111            
-110            
-111            
-111            
-111            
-111            
-110            
-110            
-110            
-111            
-110            
-110            
-110            
-110            
-110            
-110            
-110            
-109            
-109            
-110            
-110            
-109            
-109            
-110            
-110            
-110            
-109            
-109            
-108            
-108            
-108            
-110            
-109            
-108            
-108            
-109            
-109            
-108            
-108            
-107            
-107            
-107            
-107            
-108            
-106            
-106            
-106            
-107            
-106            
-107            
-106            
-107            
-108            
-107            
-106            
-107            
-107            
-106            
-106            
-106            
-108            
-108            
-109            
-108            
-108            
-109            
-109            
-108            
-109            
-109            
-110            
-110            
-111            
-110            
-109            
-110            
-110            
-110            
-110            
-110            
-110            
-110            
-110            
-110            
-111            
-111            
-111            
-111            
-111            
-111            
-112            
-111            
-112            
-110            
-111            
-111            
-111            
-111            
-111            
-111            
-112            
-111            
-111            
-112            
-112            
-111            
-111            
-112            
-111            
-112            
-112            
-112            
-112            
-112            
-112            
-112            
-112            
-112            
-111            
-112            
-111            
-112            
-112            
-111            
-112            
-112            
-112            
-112            
-112            
-113            
-112            
-111            
-112            
-111            
-112            
-113            
-112            
-112            
-112            
-112            
-112            
-112            
-112            
-112            
-112            
-112            
-112            
-112            
-113            
-113            
-112            
-113            
-113            
-112            
-112            
-113            
-112            
-111            
-112            
-113            
-112            
-113            
-112            
-112            
-113            
-113            
-112            
-112            
-113            
-113            
-112            
-113            
-113            
-113            
-113            
-113            
-113            
-111            
-112            
-112            
-112            
-113            
-112            
-112            
-111            
-112            
-112            
-113            
-112            
-112            
-112            
-112            
-112            
-112            
-112            
-113            
-113            
-113            
-113            
-112            
-112            
-112            
-113            
-113            
-113            
-112            
-113            
-112            
-112            
-112            
-113            
-112            
-112            
-112            
-112            
-112            
-112            
-113            
-112            
-113            
-113            
-113            
-112            
-112            
-113            
-112            
-113            
-113            
-112            
-113            
-114            
-114            
-115            
-116            
-118            
0               
0               
6               
0               
-15             
1               
0               
-12             
2344            
4687            
0               
-15             
-3              
-20             
1               
9830            
1638            
655             
0               
-20             
0               
-20             
300             
300             
0               
0               
0               
0               
32767           
0               
4               
10976           
0               
-96             
28642           
0               
0               
-13             
27000           
27000           
27000           
27000           
16384           
-12             
-18             
96              
440             
6826            
6826            
6826            
6826            
6826            
0               
1               
20              
-3              
-15             
-15             
1               
0               
-6              
-6              
1000            
1000            
3               
3               
0               
0               
300             
0               
100             
1               
0               
20              
0               
100             
4               
-1280           
5500            
400             
-1024           
9500            
300             
-1280           
7000            
300             
-1792           
14000           
200             
0               
10000           
100             
-5632           
15500           
200             
0               
300             
200             
0               
1000            
100             
0               
20              
96              
0               
20              
96              
2               
0               
200             
100             
-16             
2000            
100             
-16             
0               
1               
20              
3               
1               
20              
0               
0               
500             
5000            
-96             
-24             
0               
0               
0               
-96             
-24             
0               
0               
0               
1               
0               
700             
2               
1               
20              
0               
0               
10000           
10000           
-96             
0               
0               
0               
0               
-96             
0               
0               
0               
0               
1               
0               
20              
2               
1               
20              
0               
0               
10000           
10000           
-96             
0               
0               
0               
0               
-96             
0               
0               
0               
0               
1               
0               
20              
2               
1               
20              
0               
0               
10000           
10000           
-96             
0               
0               
0               
0               
-96             
0               
0               
0               
0               
1               
0               
20              
2               
1               
20              
0               
0               
10000           
10000           
-96             
0               
0               
0               
0               
-96             
0               
0               
0               
0               
1               
0               
1               
20              
5               
0               
20              
0               
0               
50              
2000            
-96             
-80             
-45             
-18             
0               
-96             
-80             
-45             
-18             
-18             
1               
0               
1               
-1              
10              
0               
0               
90              
75              
100             
10              
10              
0               
0               
-20             
-20             
-96             
-20             
-6              
1               
50              
0               
10              
0               
0               
0               
0               
40              
22              
43              
0               
132             
0               
92              
0               
4               
4               
10              
0               
0               
1               
2               
1               
0               
0               
0               
0               
0               
-31             
0               
15              
96              
86              
6826            
6826            
6826            
6826            
6826            
6826            
6826            
6826            
6826            
6826            

// Volume 0
