3707            
4               
12              
0               
1               
10              
17409           
0               
0               
0               
17413           
32              
2               
6               
0               
1               

// Volume Independent Parameters
1               
0               
0               
0               
0               
0               
0               
0               
0               
1               
20              
5               
200             
10000           
-96             
-85             
-50             
-35             
0               
-96             
-85             
-50             
-35             
-21             
1               
10              
32              
32              
32              
32              
32              
32              
32              
32              
32              
32              
32              
32              
32              
32              
32              
32              
32              
32              
32              
32              
32              
32              
32              
32              
32              
32              
32              
32              
32              
32              
32              
32              
32              
32              
32              
32              
32              
32              
32              
32              
32              
32              
32              
32              
32              
32              
32              
32              
32              
32              
32              
32              
32              
32              
32              
32              
32              
32              
32              
32              
32              
32              
32              
32              
32              
32              
32              
32              
32              
32              
32              
32              
32              
32              
32              
32              
32              
32              
32              
32              
32              
32              
32              
32              
32              
32              
32              
32              
32              
32              
32              
32              
32              
32              
32              
32              
32              
32              
32              
32              
32              
32              
32              
32              
32              
32              
32              
32              
32              
32              
32              
32              
32              
32              
32              
32              
32              
32              
32              
32              
32              
32              
32              
32              
32              
32              
32              
32              
32              
32              
32              
32              
32              
32              
32              
32              
32              
32              
32              
32              
32              
32              
32              
32              
32              
32              
32              
32              
32              
32              
32              
32              
32              
32              
32              
32              
32              
32              
32              
32              
32              
32              
32              
32              
32              
32              
32              
32              
32              
32              
32              
32              
32              
32              
32              
32              
32              
32              
32              
32              
32              
32              
32              
32              
32              
32              
32              
32              
32              
32              
32              
32              
32              
32              
32              
32              
32              
32              
32              
32              
32              
32              
32              
32              
32              
32              
32              
32              
32              
32              
32              
32              
32              
32              
32              
32              
32              
32              
32              
32              
32              
32              
32              
32              
32              
32              
32              
32              
32              
32              
32              
32              
32              
32              
32              
32              
32              
32              
32              
32              
32              
32              
32              
32              
32              
32              
32              
32              
32              
32              
32              
32              
32              
32              
32              
32              
32              
32              
32              
32              
32              
32              
32              
32              
32              
32              
32              
32              
32              
32              
32              
32              
32              
32              
32              
32              
32              
32              
32              
32              
32              
32              
32              
32              
32              
32              
32              
32              
32              
32              
32              
32              
32              
32              
32              
32              
32              
32              
32              
32              
32              
32              
32              
32              
32              
32              
32              
32              
32              
32              
32              
32              
32              
32              
32              
32              
32              
32              
32              
32              
32              
32              
32              
32              
32              
32              
32              
32              
32              
32              
32              
32              
32              
32              
32              
32              
32              
32              
32              
32              
32              
32              
32              
32              
32              
32              
32              
32              
32              
32              
32              
32              
32              
32              
32              
32              
32              
32              
32              
32              
32              
32              
32              
32              
32              
32              
32              
32              
32              
32              
32              
32              
32              
32              
32              
32              
32              
32              
32              
32              
32              
32              
32              
32              
32              
32              
32              
32              
32              
32              
32              
32              
32              
32              
32              
32              
32              
32              
32              
32              
32              
32              
32              
32              
32              
32              
32              
32              
32              
32              
32              
32              
32              
32              
32              
32              
32              
32              
32              
32              
32              
32              
32              
32              
32              
32              
32              
32              
32              
32              
32              
32              
32              
32              
32              
32              
32              
32              
32              
32              
32              
32              
32              
32              
32              
32              
32              
32              
32              
32              
32              
32              
32              
32              
32              
32              
32              
32              
32              
32              
32              
32              
32              
32              
32              
32              
32              
32              
32              
32              
32              
32              
32              
32              
32              
32              
32              
32              
32              
32              
32              
32              
32              
32              
32              
32              
32              
32              
32              
32              
32              
32              
32              
32              
32              
32              
32              
32              
32              
32              
32              
32              
32              
32              
32              
32              
32              
32              
32              
32              
32              
32              
32              
32              
32              
32              
32              
32              
32              
32              
32              
32              
32              
32              
32              
32              
32              
32              
32              
32              
32              
32              
32              
32              
32              
32              
32              
32              
32              
32              
32              
32              
32              
32              
32              
32              
32              
32              
32              
32              
32              
32              
32              
32              
32              
32              
32              
32              
32              
32              
32              
32              
32              
32              
32              
32              
32              
32              
32              
32              
32              
32              
32              
32              
32              
32              
32              
32              
32              
32              
32              
32              
32              
32              
32              
32              
32              
32              
32              
32              
32              
32              
32              
32              
32              
32              
32              
32              
32              
32              
32              
32              
32              
32              
32              
32              
32              
32              
32              
32              
32              
32              
32              
32              
32              
32              
32              
32              
32              
32              
32              
32              
32              
32              
32              
32              
32              
32              
32              
32              
32              
32              
32              
32              
32              
32              
32              
32              
32              
32              
32              
32              
32              
32              
32              
32              
32              
32              
32              
32              
32              
32              
32              
32              
32              
32              
32              
32              
32              
32              
32              
32              
32              
32              
32              
32              
32              
32              
32              
32              
32              
32              
32              
32              
32              
32              
32              
32              
32              
32              
32              
32              
32              
32              
32              
32              
32              
32              
32              
32              
32              
32              
32              
32              
32              
32              
32              
32              
32              
32              
32              
32              
32              
32              
32              
32              
32              
32              
32              
32              
32              
32              
32              
32              
32              
32              
32              
32              
32              
32              
32              
32              
32              
32              
32              
32              
32              
32              
32              
32              
32              
32              
32              
32              
32              
32              
32              
32              
32              
32              
32              
32              
32              
32              
32              
32              
32              
32              
32              
32              
32              
32              
32              
32              
32              
32              
32              
32              
32              
32              
32              
32              
32              
32              
32              
32              
32              
32              
32              
32              
32              
32              
32              
32              
32              
32              
32              
32              
32              
32              
32              
32              
32              
32              
32              
32              
32              
32              
32              
32              
32              
32              
32              
32              
32              
32              
32              
32              
32              
32              
32              
32              
32              
32              
32              
32              
32              
32              
32              
32              
32              
32              
32              
32              
32              
32              
32              
32              
32              
32              
32              
32              
32              
32              
32              
32              
32              
32              
32              
32              
32              
32              
32              
32              
32              
32              
32              
32              
32              
32              
32              
32              
32              
32              
32              
32              
32              
32              
32              
32              
32              
32              
32              
32              
32              
32              
32              
32              
32              
32              
32              
32              
32              
32              
32              
32              
32              
32              
32              
32              
32              
32              
32              
32              
32              
32              
32              
32              
32              
32              
32              
32              
32              
32              
32              
32              
32              
32              
32              
32              
32              
32              
32              
32              
32              
32              
32              
32              
32              
32              
32              
32              
32              
32              
32              
32              
32              
32              
32              
32              
32              
32              
32              
32              
32              
32              
32              
32              
32              
32              
32              
32              
32              
32              
32              
32              
32              
32              
32              
32              
32              
32              
32              
32              
32              
32              
32              
32              
32              
32              
32              
32              
32              
32              
32              
32              
32              
32              
32              
32              
32              
32              
32              
32              
32              
32              
32              
32              
32              
32              
32              
32              
32              
32              
32              
32              
32              
32              
32              
32              
32              
32              
32              
32              
32              
32              
32              
32              
32              
32              
32              
32              
32              
32              
32              
32              
32              
32              
32              
32              
32              
32              
32              
32              
32              
32              
32              
32              
32              
32              
32              
32              
32              
32              
32              
32              
32              
32              
32              
32              
32              
32              
32              
32              
32              
32              
32              
32              
32              
32              
32              
32              
32              
32              
32              
32              
32              
32              
32              
32              
32              
32              
32              
32              
32              
32              
32              
32              
32              
32              
32              
32              
32              
32              
32              
32              
32              
32              
32              
32              
32              
32              
32              
32              
32              
32              
32              
32              
32              
32              
32              
32              
32              
32              
32              
32              
32              
32              
32              
32              
32              
32              
32              
32              
32              
32              
32              
32              
32              
32              
32              
32              
32              
32              
32              
32              
32              
32              
32              
32              
32              
32              
32              
32              
32              
32              
32              
32              
32              
32              
32              
32              
32              
32              
32              
32              
32              
32              
32              
32              
32              
32              
32              
32              
32              
32              
32              
32              
32              
32              
32              
32              
32              
32              
32              
32              
32              
32              
32              
32              
32              
32              
32              
32              
32              
32              
32              
32              
32              
32              
32              
32              
32              
32              
32              
32              
32              
32              
32              
32              
32              
32              
32              
32              
32              
32              
32              
32              
32              
32              
32              
32              
32              
32              
32              
32              
32              
32              
32              
32              
32              
32              
32              
32              
32              
32              
32              
32              
32              
32              
32              
32              
32              
32              
32              
32              
32              
32              
32              
32              
32              
32              
32              
32              
32              
32              
32              
32              
32              
32              
32              
32              
32              
32              
32              
32              
32              
32              
32              
32              
32              
32              
32              
32              
32              
32              
32              
32              
32              
32              
32              
32              
32              
32              
32              
32              
32              
32              
32              
32              
32              
32              
32              
32              
32              
32              
32              
32              
32              
32              
32              
32              
32              
32              
32              
32              
32              
32              
32              
32              
32              
32              
32              
32              
32              
32              
32              
32              
32              
32              
32              
32              
32              
32              
32              
32              
32              
32              
32              
32              
32              
32              
32              
32              
32              
32              
32              
32              
32              
32              
32              
32              
32              
32              
32              
32              
32              
32              
32              
32              
32              
32              
32              
32              
32              
32              
32              
32              
32              
32              
32              
32              
32              
32              
32              
32              
32              
32              
32              
32              
32              
32              
32              
32              
32              
32              
32              
32              
32              
32              
32              
32              
32              
32              
32              
32              
32              
32              
32              
32              
32              
32              
32              
32              
32              
32              
32              
32              
32              
32              
32              
32              
32              
32              
32              
32              
32              
32              
32              
32              
32              
32              
32              
32              
32              
32              
32              
32              
32              
32              
32              
32              
32              
32              
32              
32              
32              
32              
32              
32              
32              
32              
32              
32              
32              
32              
32              
32              
32              
32              
32              
32              
32              
32              
32              
32              
32              
32              
32              
32              
32              
32              
32              
32              
32              
32              
32              
32              
32              
32              
32              
32              
32              
32              
32              
32              
32              
32              
32              
32              
32              
32              
32              
32              
32              
32              
32              
32              
32              
32              
32              
32              
32              
32              
32              
32              
32              
32              
32              
32              
32              
32              
32              
32              
32              
32              
32              
32              
32              
32              
32              
32              
32              
32              
32              
32              
32              
32              
32              
32              
32              
32              
32              
32              
32              
32              
32              
32              
32              
32              
32              
32              
32              
32              
32              
32              
32              
32              
32              
32              
32              
32              
32              
32              
32              
32              
32              
32              
32              
32              
32              
32              
32              
32              
32              
32              
32              
32              
32              
32              
32              
32              
32              
32              
32              
32              
32              
32              
32              
32              
32              
32              
32              
32              
32              
32              
32              
32              
32              
32              
32              
32              
32              
32              
32              
32              
32              
32              
32              
32              
32              
32              
32              
32              
32              
32              
32              
32              
32              
32              
32              
32              
32              
32              
32              
32              
32              
32              
32              
32              
32              
32              
32              
32              
32              
32              
32              
32              
32              
32              
32              
32              
32              
32              
32              
32              
32              
32              
32              
32              
32              
32              
32              
32              
32              
32              
32              
32              
32              
32              
32              
32              
32              
32              
32              
32              
32              
32              
32              
32              
32              
32              
32              
32              
32              
32              
32              
32              
32              
32              
32              
32              
32              
32              
32              
32              
32              
32              
32              
32              
32              
32              
32              
32              
32              
32              
32              
32              
32              
32              
32              
32              
32              
32              
32              
32              
32              
32              
32              
32              
32              
32              
32              
32              
32              
32              
32              
32              
32              
32              
32              
32              
32              
32              
32              
32              
32              
32              
32              
32              
32              
32              
32              
32              
32              
32              
32              
32              
32              
32              
32              
32              
32              
32              
32              
32              
32              
32              
32              
32              
32              
32              
32              
32              
32              
32              
32              
32              
32              
32              
32              
32              
32              
32              
32              
32              
32              
32              
32              
32              
32              
32              
32              
32              
32              
32              
32              
32              
32              
32              
32              
32              
32              
32              
32              
32              
32              
32              
32              
32              
32              
32              
32              
32              
32              
32              
32              
32              
32              
32              
32              
32              
32              
32              
32              
32              
32              
32              
32              
32              
32              
32              
32              
32              
32              
32              
32              
32              
32              
32              
32              
32              
32              
32              
32              
32              
32              
32              
32              
32              
32              
32              
32              
32              
32              
32              
32              
32              
32              
32              
32              
32              
32              
32              
32              
32              
32              
32              
32              
32              
32              
32              
32              
32              
32              
32              
32              
32              
32              
32              
32              
32              
32              
32              
32              
32              
32              
32              
32              
32              
32              
32              
32              
32              
32              
32              
32              
32              
32              
32              
32              
32              
32              
32              
32              
32              
32              
32              
32              
32              
32              
32              
32              
32              
32              
32              
32              
32              
32              
32              
32              
32              
32              
32              
32              
32              
32              
32              
32              
32              
32              
32              
32              
32              
32              
32              
32              
32              
32              
32              
32              
32              
32              
32              
32              
32              
32              
32              
32              
32              
32              
32              
32              
32              
32              
32              
32              
32              
32              
32              
32              
32              
32              
32              
32              
32              
32              
32              
32              
32              
32              
32              
32              
32              
32              
32              
32              
32              
32              
32              
32              
32              
32              
32              
32              
32              
32              
32              
32              
32              
32              
32              
32              
32              
32              
32              
32              
32              
32              
32              
32              
32              
32              
32              
32              
32              
32              
32              
32              
32              
32              
32              
32              
32              
32              
32              
32              
32              
32              
32              
32              
32              
32              
32              
32              
32              
32              
32              
32              
32              
32              
32              
32              
32              
32              
32              
32              
32              
32              
32              
32              
32              
32              
32              
32              
32              
32              
32              
32              
32              
32              
32              
32              
32              
32              
32              
32              
32              
32              
32              
32              
32              
32              
32              
32              
32              
32              
32              
32              
32              
32              
32              
32              
32              
32              
32              
32              
32              
32              
32              
32              
32              
32              
32              
32              
32              
32              
32              
32              
32              
32              
32              
32              
32              
32              
32              
32              
32              
32              
32              
32              
32              
32              
32              
32              
32              
32              
32              
32              
32              
32              
32              
32              
32              
32              
32              
32              
32              
32              
32              
32              
32              
32              
32              
32              
32              
32              
32              
32              
32              
32              
32              
32              
32              
32              
32              
32              
32              
32              
32              
32              
32              
32              
32              
32              
32              
32              
32              
32              
32              
32              
32              
32              
32              
32              
32              
32              
32              
32              
32              
32              
32              
32              
32              
32              
32              
32              
32              
32              
32              
32              
32              
32              
32              
32              
32              
32              
32              
32              
32              
32              
32              
32              
32              
32              
32              
32              
32              
32              
32              
32              
32              
32              
32              
32              
32              
32              
32              
32              
32              
32              
32              
32              
32              
32              
32              
32              
32              
32              
32              
32              
32              
32              
32              
32              
32              
32              
32              
32              
32              
32              
32              
32              
32              
32              
32              
32              
32              
32              
32              
32              
32              
32              
32              
32              
32              
32              
32              
32              
32              
32              
32              
32              
32              
32              
32              
32              
32              
32              
32              
32              
32              
32              
32              
32              
32              
32              
32              
32              
32              
32              
32              
32              
32              
32              
32              
32              
32              
32              
32              
32              
32              
32              
32              
32              
32              
32              
32              
32              
32              
32              
32              
32              
32              
32              
32              
32              
32              
32              
32              
32              
32              
32              
32              
32              
32              
32              
32              
32              
32              
32              
32              
32              
32              
32              
32              
32              
32              
32              
32              
32              
32              
32              
32              
32              
32              
32              
32              
32              
32              
32              
32              
32              
32              
32              
32              
32              
32              
32              
32              
32              
32              
32              
32              
32              
32              
32              
32              
32              
32              
32              
32              
32              
32              
32              
32              
32              
32              
32              
32              
32              
32              
32              
32              
32              
32              
32              
32              
32              
32              
32              
32              
32              
32              
32              
32              
32              
32              
32              
32              
32              
32              
32              
32              
32              
32              
32              
32              
32              
32              
32              
32              
32              
32              
32              
32              
32              
32              
32              
32              
32              
32              
32              
32              
32              
32              
32              
32              
32              
32              
32              
32              
32              
32              
32              
32              
32              
32              
32              
32              
32              
32              
32              
32              
32              
32              
32              
32              
32              
32              
32              
32              
32              
32              
32              
32              
32              
32              
32              
32              
0               
33              
32767           
30              
100             
50              
50              
-6              
-6              
-12             
-12             
0               
1               
200             
-4              
-4              
32767           
6               
-12             
12              
-74             
-70             
-75             
-78             
-82             
-86             
-88             
-89             
-86             
-92             
-90             
-90             
-94             
-94             
-95             
-96             
-96             
-97             
-95             
-96             
-98             
-97             
-97             
-96             
-96             
-99             
-98             
-98             
-100            
-100            
-99             
-100            
-100            
-100            
-99             
-101            
-101            
-100            
-100            
-99             
-101            
-101            
-102            
-102            
-102            
-101            
-102            
-103            
-103            
-104            
-102            
-103            
-103            
-102            
-103            
-103            
-103            
-103            
-103            
-104            
-104            
-104            
-103            
-103            
-104            
-105            
-103            
-103            
-105            
-103            
-104            
-105            
-104            
-104            
-104            
-103            
-105            
-105            
-104            
-104            
-106            
-105            
-105            
-104            
-105            
-106            
-105            
-105            
-106            
-105            
-104            
-105            
-104            
-104            
-104            
-105            
-104            
-105            
-105            
-105            
-106            
-105            
-108            
-106            
-105            
-106            
-106            
-105            
-106            
-106            
-107            
-106            
-106            
-106            
-106            
-106            
-107            
-106            
-106            
-108            
-106            
-106            
-106            
-106            
-106            
-106            
-106            
-106            
-106            
-107            
-106            
-106            
-106            
-106            
-107            
-106            
-107            
-108            
-107            
-106            
-107            
-106            
-107            
-106            
-107            
-108            
-108            
-107            
-107            
-105            
-107            
-108            
-108            
-108            
-108            
-107            
-106            
-107            
-108            
-107            
-105            
-106            
-107            
-108            
-108            
-109            
-108            
-109            
-108            
-110            
-108            
-107            
-107            
-108            
-107            
-107            
-107            
-107            
-107            
-108            
-108            
-108            
-109            
-108            
-109            
-107            
-108            
-109            
-108            
-109            
-110            
-109            
-108            
-110            
-109            
-108            
-109            
-109            
-108            
-107            
-109            
-110            
-108            
-107            
-108            
-109            
-110            
-109            
-108            
-109            
-110            
-110            
-109            
-109            
-109            
-109            
-110            
-110            
-109            
-108            
-108            
-109            
-108            
-109            
-108            
-107            
-108            
-109            
-108            
-108            
-107            
-109            
-110            
-110            
-110            
-110            
-110            
-110            
-109            
-109            
-110            
-110            
-110            
-110            
-109            
-108            
-109            
-110            
-109            
-109            
-110            
-110            
-109            
-110            
-109            
-109            
-107            
-109            
-109            
-109            
-110            
-110            
-110            
-110            
-110            
-109            
-108            
-109            
-110            
-109            
-109            
-109            
-109            
-109            
-109            
-109            
-109            
-108            
-110            
-110            
-110            
-110            
-110            
-109            
-110            
-108            
-110            
-109            
-107            
-108            
-109            
-110            
-111            
-110            
-112            
-110            
-109            
-110            
-110            
-109            
-110            
-109            
-109            
-109            
-111            
-110            
-110            
-110            
-110            
-110            
-111            
-109            
-110            
-109            
-109            
-110            
-110            
-109            
-109            
-111            
-109            
-110            
-111            
-109            
-111            
-110            
-111            
-111            
-110            
-110            
-109            
-109            
-110            
-111            
-111            
-110            
-111            
-111            
-111            
-110            
-110            
-110            
-110            
-110            
-111            
-111            
-111            
-110            
-110            
-110            
-110            
-110            
-109            
-111            
-111            
-112            
-110            
-109            
-110            
-112            
-111            
-110            
-110            
-111            
-110            
-111            
-111            
-112            
-110            
-112            
-110            
-110            
-110            
-109            
-110            
-111            
-111            
-110            
-109            
-110            
-111            
-111            
-110            
-110            
-110            
-111            
-111            
-111            
-110            
-110            
-110            
-110            
-110            
-109            
-109            
-110            
-111            
-112            
-113            
-111            
-110            
-112            
-111            
-110            
-112            
-111            
-110            
-110            
-110            
-110            
-111            
-112            
-112            
-110            
-110            
-111            
-112            
-112            
-112            
-110            
-110            
-110            
-110            
-110            
-111            
-111            
-111            
-110            
-111            
-111            
-111            
-111            
-110            
-110            
-111            
-110            
-110            
-110            
-110            
-111            
-112            
-111            
-111            
-110            
-110            
-109            
-109            
-110            
-110            
-110            
-109            
-110            
-111            
-112            
-112            
-111            
-110            
-110            
-111            
-110            
-111            
-111            
-110            
-110            
-112            
-111            
-111            
-111            
-111            
-111            
-111            
-112            
-110            
-112            
-112            
-111            
-111            
-112            
-111            
-111            
-112            
-112            
-110            
-111            
-112            
-111            
-111            
-111            
-110            
-111            
-111            
-111            
-111            
-111            
-112            
-110            
-110            
-112            
-112            
-112            
-111            
-110            
-110            
-110            
-111            
-111            
-112            
-112            
-113            
-115            
-115            
-114            
-116            
-75             
-70             
-75             
-78             
-83             
-86             
-88             
-89             
-86             
-92             
-90             
-90             
-94             
-94             
-95             
-96             
-96             
-97             
-96             
-96             
-97             
-97             
-98             
-96             
-96             
-99             
-98             
-98             
-100            
-100            
-100            
-101            
-100            
-100            
-99             
-101            
-101            
-100            
-100            
-100            
-101            
-101            
-102            
-102            
-102            
-101            
-102            
-103            
-103            
-104            
-102            
-103            
-103            
-102            
-103            
-103            
-104            
-102            
-103            
-104            
-103            
-104            
-103            
-103            
-103            
-105            
-103            
-104            
-105            
-104            
-104            
-105            
-105            
-104            
-103            
-103            
-105            
-105            
-104            
-103            
-105            
-105            
-105            
-105            
-106            
-106            
-105            
-105            
-106            
-105            
-106            
-105            
-104            
-105            
-105            
-105            
-105            
-105            
-106            
-105            
-106            
-105            
-106            
-106            
-105            
-106            
-106            
-105            
-105            
-106            
-108            
-106            
-106            
-106            
-107            
-106            
-107            
-106            
-106            
-108            
-106            
-106            
-106            
-106            
-107            
-106            
-106            
-106            
-105            
-107            
-105            
-106            
-105            
-106            
-106            
-106            
-107            
-107            
-107            
-106            
-108            
-107            
-107            
-107            
-106            
-107            
-109            
-107            
-107            
-106            
-107            
-108            
-107            
-108            
-108            
-107            
-106            
-107            
-108            
-107            
-106            
-107            
-108            
-108            
-109            
-109            
-109            
-108            
-107            
-108            
-107            
-107            
-107            
-107            
-108            
-107            
-108            
-107            
-107            
-108            
-108            
-108            
-109            
-108            
-109            
-108            
-107            
-109            
-108            
-109            
-109            
-108            
-108            
-109            
-109            
-109            
-110            
-110            
-108            
-108            
-109            
-110            
-108            
-107            
-107            
-108            
-109            
-109            
-109            
-109            
-109            
-109            
-108            
-109            
-109            
-109            
-109            
-110            
-109            
-108            
-109            
-109            
-109            
-108            
-108            
-108            
-109            
-109            
-108            
-108            
-109            
-109            
-110            
-110            
-109            
-109            
-108            
-110            
-109            
-109            
-109            
-110            
-111            
-110            
-110            
-109            
-110            
-110            
-110            
-109            
-109            
-110            
-109            
-109            
-109            
-110            
-107            
-110            
-110            
-109            
-109            
-109            
-111            
-111            
-111            
-109            
-108            
-109            
-110            
-109            
-110            
-109            
-108            
-109            
-110            
-109            
-109            
-108            
-110            
-110            
-110            
-109            
-110            
-109            
-108            
-109            
-110            
-109            
-108            
-108            
-109            
-108            
-109            
-110            
-110            
-109            
-109            
-111            
-109            
-109            
-110            
-110            
-110            
-109            
-109            
-109            
-111            
-110            
-110            
-111            
-111            
-109            
-110            
-109            
-109            
-110            
-110            
-109            
-109            
-110            
-109            
-110            
-110            
-109            
-111            
-111            
-110            
-111            
-110            
-110            
-111            
-111            
-111            
-111            
-110            
-110            
-110            
-110            
-110            
-110            
-110            
-109            
-110            
-110            
-110            
-110            
-110            
-110            
-111            
-109            
-110            
-109            
-109            
-110            
-111            
-111            
-111            
-110            
-111            
-110            
-111            
-111            
-111            
-111            
-110            
-111            
-111            
-110            
-110            
-110            
-110            
-110            
-110            
-110            
-110            
-111            
-110            
-109            
-109            
-110            
-110            
-110            
-109            
-110            
-111            
-111            
-111            
-111            
-110            
-110            
-109            
-110            
-110            
-109            
-109            
-110            
-112            
-110            
-111            
-111            
-111            
-111            
-111            
-111            
-112            
-110            
-109            
-110            
-110            
-110            
-110            
-112            
-112            
-110            
-109            
-110            
-111            
-111            
-111            
-110            
-110            
-110            
-111            
-111            
-110            
-111            
-111            
-110            
-111            
-110            
-111            
-111            
-111            
-111            
-111            
-111            
-110            
-110            
-110            
-112            
-111            
-110            
-112            
-111            
-110            
-110            
-109            
-110            
-110            
-110            
-109            
-110            
-111            
-110            
-111            
-112            
-110            
-110            
-110            
-111            
-111            
-110            
-111            
-112            
-113            
-111            
-110            
-111            
-112            
-110            
-110            
-111            
-110            
-111            
-112            
-111            
-111            
-111            
-111            
-111            
-110            
-111            
-110            
-111            
-110            
-111            
-112            
-111            
-111            
-112            
-111            
-111            
-112            
-111            
-112            
-113            
-112            
-112            
-111            
-112            
-112            
-111            
-111            
-111            
-112            
-112            
-112            
-111            
-112            
-113            
-115            
-116            
-115            
0               
0               
6               
0               
-15             
1               
0               
-12             
2344            
4687            
0               
-15             
-3              
-20             
1               
9830            
1638            
655             
0               
-20             
0               
-20             
300             
300             
0               
0               
0               
0               
32767           
0               
4               
10976           
0               
-96             
28642           
0               
0               
-13             
27000           
27000           
27000           
27000           
16384           
-12             
-18             
96              
440             
6826            
6826            
6826            
6826            
6826            
0               
1               
20              
-3              
-15             
-15             
1               
0               
-6              
-6              
1000            
1000            
3               
3               
0               
0               
300             
0               
100             
1               
0               
9000            
0               
100             
5               
0               
6000            
100             
1536            
4000            
100             
-2048           
18000           
300             
0               
14214           
200             
0               
21641           
150             
0               
13199           
200             
0               
300             
200             
0               
1000            
100             
0               
20              
96              
0               
20              
96              
2               
0               
200             
100             
-16             
2000            
100             
-16             
0               
1               
20              
3               
1               
20              
0               
0               
500             
5000            
-96             
-24             
0               
0               
0               
-96             
-24             
0               
0               
0               
1               
0               
700             
2               
1               
20              
0               
0               
10000           
10000           
-96             
0               
0               
0               
0               
-96             
0               
0               
0               
0               
1               
0               
20              
2               
1               
20              
0               
0               
10000           
10000           
-96             
0               
0               
0               
0               
-96             
0               
0               
0               
0               
1               
0               
20              
2               
1               
20              
0               
0               
10000           
10000           
-96             
0               
0               
0               
0               
-96             
0               
0               
0               
0               
1               
0               
20              
2               
1               
20              
0               
0               
10000           
10000           
-96             
0               
0               
0               
0               
-96             
0               
0               
0               
0               
1               
0               
1               
20              
5               
0               
20              
0               
0               
50              
2000            
-96             
-80             
-45             
-18             
0               
-96             
-80             
-45             
-18             
-18             
1               
0               
1               
-1              
10              
0               
0               
90              
75              
100             
10              
10              
0               
0               
-20             
-20             
-40             
-20             
-6              
1               
50              
0               
10              
0               
0               
0               
0               
0               
0               
0               
0               
165             
0               
0               
0               
4               
4               
10              
0               
0               
1               
2               
1               
0               
0               
0               
0               
0               
-31             
0               
15              
96              
86              
6826            
6826            
6826            
6826            
6826            
6826            
6826            
6826            
6826            
6826            

// Volume 0
